#    Queue0    Queue1  Queue2  Queue3  Queue4  Queue5  Queue6  Queue7
0   0.0   0.0   0.0   0.0   0.0   0.0   0.0   0.0
1   0.0   0.0   0.0   0.0   0.0   0.0   0.0   0.0
2   0.0   0.0   0.0   0.0   0.0   0.0   0.0   0.0
3   0.0   0.0   0.0   0.0   0.0   0.0   0.0   0.0
4   0.0   0.0   0.0   0.0   0.0   0.0   0.0   0.0
5   0.0   0.0   0.0   0.0   0.0   0.0   0.0   0.0
6   0.0   0.0   0.0   0.0   0.0   0.0   0.0   0.0
7   0.0   0.0   0.0   0.0   0.0   0.0   0.0   0.0
8   0.0   0.0   0.0   0.0   0.0   0.0   0.0   0.0
9   0.0   0.0   0.0   0.0   0.0   0.0   0.0   0.0
10   0.0   0.0   0.0   0.0   0.0   0.0   0.0   0.0
11   0.0   0.0   0.0   0.0   0.0   0.0   0.0   0.0
12   0.0   0.0   0.0   0.0   0.0   0.0   0.0   0.0
13   0.0   0.0   0.0   0.0   0.0   0.0   0.0   0.0
14   0.0   0.0   0.0   0.0   0.0   0.0   0.0   0.0
15   0.0   0.0   0.0   0.0   0.0   0.0   0.0   0.0
16   0.0   0.0   0.0   0.0   0.0   0.0   0.0   0.0
17   0.0   0.0   0.0   0.0   0.0   0.0   0.0   0.0
18   0.0   0.0   0.0   0.0   0.0   0.0   0.0   0.0
19   0.0   0.0   0.0   0.0   0.0   0.0   0.0   0.0
20   2.0   0.0   0.0   0.0   0.0   0.0   0.0   0.0
21   2.0   0.0   0.0   0.0   0.0   0.0   0.0   0.0
22   5.0   0.0   0.0   0.0   0.0   0.0   0.0   0.0
23   11.0   0.0   0.0   0.0   0.0   0.0   0.0   1.0
24   23.0   0.0   0.0   0.0   0.0   1.0   0.0   0.0
25   29.0   0.0   0.0   0.0   0.0   0.0   0.0   0.0
26   73.0   0.0   0.0   0.0   0.0   0.0   0.0   0.0
27   136.0   2.0   0.0   0.0   0.0   2.0   0.0   1.0
28   238.0   1.0   1.0   1.0   0.0   0.0   0.0   0.0
29   422.0   3.0   3.0   2.0   4.0   1.0   2.0   0.0
30   697.0   6.0   2.0   0.0   2.0   3.0   2.0   0.0
31   1066.0   5.0   4.0   3.0   5.0   4.0   4.0   1.0
32   1789.0   7.0   8.0   1.0   3.0   8.0   2.0   6.0
33   2687.0   7.0   12.0   7.0   14.0   21.0   10.0   9.0
34   3928.0   14.0   18.0   15.0   16.0   23.0   16.0   27.0
35   5641.0   27.0   18.0   25.0   24.0   36.0   25.0   30.0
36   8007.0   31.0   32.0   31.0   20.0   54.0   35.0   46.0
37   10652.0   59.0   38.0   33.0   34.0   46.0   48.0   70.0
38   13984.0   104.0   52.0   73.0   55.0   83.0   42.0   117.0
39   17769.0   242.0   67.0   63.0   59.0   97.0   60.0   181.0
40   12435.0   9949.0   118.0   80.0   93.0   150.0   99.0   268.0
41   311.0   26734.0   177.0   130.0   113.0   169.0   102.0   291.0
42   0.0   32085.0   280.0   151.0   145.0   173.0   161.0   414.0
43   0.0   36696.0   751.0   160.0   229.0   211.0   182.0   502.0
44   0.0   13954.0   28442.0   297.0   316.0   206.0   202.0   630.0
45   0.0   0.0   47287.0   433.0   325.0   266.0   219.0   757.0
46   0.0   0.0   50633.0   1108.0   409.0   289.0   321.0   825.0
47   0.0   0.0   16489.0   38063.0   533.0   384.0   297.0   1002.0
48   0.0   0.0   0.0   56907.0   598.0   488.0   353.0   1074.0
49   0.0   0.0   0.0   49366.0   8649.0   612.0   359.0   1108.0
50   0.0   0.0   0.0   5714.0   53174.0   672.0   448.0   1274.0
51   0.0   0.0   0.0   0.0   54046.0   3245.0   559.0   1244.0
52   0.0   0.0   0.0   0.0   31142.0   24267.0   611.0   1112.0
53   0.0   0.0   0.0   0.0   1833.0   49143.0   1645.0   1228.0
54   0.0   0.0   0.0   0.0   0.0   41295.0   6555.0   1189.0
55   0.0   0.0   0.0   0.0   0.0   23265.0   19207.0   1183.0
56   0.0   0.0   0.0   0.0   0.0   1584.0   34810.0   1578.0
57   0.0   0.0   0.0   0.0   0.0   0.0   29827.0   2249.0
58   0.0   0.0   0.0   0.0   0.0   0.0   21324.0   3901.0
59   0.0   0.0   0.0   0.0   0.0   0.0   12175.0   7069.0
60   0.0   0.0   0.0   0.0   0.0   0.0   1389.0   13318.0
61   0.0   0.0   0.0   0.0   0.0   0.0   0.0   11934.0
62   0.0   0.0   0.0   0.0   0.0   0.0   0.0   9604.0
63   0.0   0.0   0.0   0.0   0.0   0.0   0.0   7720.0
64   0.0   0.0   0.0   0.0   0.0   0.0   0.0   6029.0
65   0.0   0.0   0.0   0.0   0.0   0.0   0.0   4806.0
66   0.0   0.0   0.0   0.0   0.0   0.0   0.0   3481.0
67   0.0   0.0   0.0   0.0   0.0   0.0   0.0   2673.0
68   0.0   0.0   0.0   0.0   0.0   0.0   0.0   1883.0
69   0.0   0.0   0.0   0.0   0.0   0.0   0.0   1384.0
70   0.0   0.0   0.0   0.0   0.0   0.0   0.0   1034.0
71   0.0   0.0   0.0   0.0   0.0   0.0   0.0   685.0
72   0.0   0.0   0.0   0.0   0.0   0.0   0.0   466.0
73   0.0   0.0   0.0   0.0   0.0   0.0   0.0   320.0
74   0.0   0.0   0.0   0.0   0.0   0.0   0.0   239.0
75   0.0   0.0   0.0   0.0   0.0   0.0   0.0   154.0
76   0.0   0.0   0.0   0.0   0.0   0.0   0.0   114.0
77   0.0   0.0   0.0   0.0   0.0   0.0   0.0   59.0
78   0.0   0.0   0.0   0.0   0.0   0.0   0.0   47.0
79   0.0   0.0   0.0   0.0   0.0   0.0   0.0   36.0
80   0.0   0.0   0.0   0.0   0.0   0.0   0.0   13.0
81   0.0   0.0   0.0   0.0   0.0   0.0   0.0   12.0
82   0.0   0.0   0.0   0.0   0.0   0.0   0.0   7.0
83   0.0   0.0   0.0   0.0   0.0   0.0   0.0   8.0
84   0.0   0.0   0.0   0.0   0.0   0.0   0.0   3.0
85   0.0   0.0   0.0   0.0   0.0   0.0   0.0   2.0
86   0.0   0.0   0.0   0.0   0.0   0.0   0.0   1.0
87   0.0   0.0   0.0   0.0   0.0   0.0   0.0   0.0
88   0.0   0.0   0.0   0.0   0.0   0.0   0.0   0.0
89   0.0   0.0   0.0   0.0   0.0   0.0   0.0   2.0
90   0.0   0.0   0.0   0.0   0.0   0.0   0.0   0.0
91   0.0   0.0   0.0   0.0   0.0   0.0   0.0   0.0
92   0.0   0.0   0.0   0.0   0.0   0.0   0.0   0.0
93   0.0   0.0   0.0   0.0   0.0   0.0   0.0   0.0
94   0.0   0.0   0.0   0.0   0.0   0.0   0.0   0.0
95   0.0   0.0   0.0   0.0   0.0   0.0   0.0   0.0
96   0.0   0.0   0.0   0.0   0.0   0.0   0.0   0.0
97   0.0   0.0   0.0   0.0   0.0   0.0   0.0   0.0
98   0.0   0.0   0.0   0.0   0.0   0.0   0.0   0.0
99   0.0   0.0   0.0   0.0   0.0   0.0   0.0   0.0
