#    Queue0    Queue1  Queue2  Queue3  Queue4  Queue5  Queue6  Queue7
0   43170.0   0.0   0.0   0.0   0.0   0.0   0.0   0.0
1   41327.0   0.0   0.0   0.0   0.0   0.0   0.0   0.0
2   38266.0   1350.0   0.0   0.0   0.0   0.0   0.0   0.0
3   36362.0   1097.0   592.0   0.0   0.0   0.0   0.0   0.0
4   13522.0   22509.0   363.0   490.0   0.0   0.0   0.0   0.0
5   0.0   34263.0   692.0   254.0   316.0   0.0   0.0   0.0
6   0.0   32345.0   645.0   254.0   276.0   152.0   0.0   0.0
7   0.0   31190.0   664.0   356.0   182.0   209.0   107.0   0.0
8   0.0   27100.0   3402.0   323.0   227.0   216.0   85.0   31.0
9   0.0   11819.0   17145.0   399.0   267.0   144.0   129.0   54.0
10   0.0   968.0   26654.0   457.0   228.0   137.0   171.0   72.0
11   0.0   0.0   26884.0   483.0   284.0   166.0   151.0   96.0
12   0.0   0.0   25054.0   471.0   249.0   160.0   142.0   115.0
13   0.0   0.0   22494.0   2276.0   257.0   198.0   117.0   142.0
14   0.0   0.0   18160.0   5689.0   305.0   227.0   137.0   176.0
15   0.0   0.0   8520.0   14244.0   361.0   236.0   154.0   176.0
16   0.0   0.0   1145.0   20510.0   388.0   208.0   171.0   193.0
17   0.0   0.0   0.0   21040.0   385.0   192.0   164.0   219.0
18   0.0   0.0   0.0   19772.0   591.0   223.0   155.0   196.0
19   0.0   0.0   0.0   17828.0   1782.0   178.0   159.0   213.0
20   0.0   0.0   0.0   15249.0   3331.0   233.0   173.0   249.0
21   0.0   0.0   0.0   11785.0   6227.0   207.0   182.0   236.0
22   0.0   0.0   0.0   6828.0   10237.0   218.0   172.0   227.0
23   0.0   0.0   0.0   1715.0   14776.0   273.0   194.0   251.0
24   0.0   0.0   0.0   55.0   15587.0   349.0   168.0   251.0
25   0.0   0.0   0.0   0.0   14883.0   580.0   149.0   262.0
26   0.0   0.0   0.0   0.0   13409.0   1301.0   153.0   262.0
27   0.0   0.0   0.0   0.0   11889.0   2093.0   160.0   293.0
28   0.0   0.0   0.0   0.0   10229.0   3281.0   213.0   223.0
29   0.0   0.0   0.0   0.0   8721.0   4313.0   159.0   262.0
30   0.0   0.0   0.0   0.0   6905.0   5559.0   175.0   285.0
31   0.0   0.0   0.0   0.0   3995.0   7962.0   209.0   263.0
32   0.0   0.0   0.0   0.0   1240.0   10059.0   265.0   274.0
33   0.0   0.0   0.0   0.0   156.0   10603.0   444.0   278.0
34   0.0   0.0   0.0   0.0   0.0   9976.0   614.0   325.0
35   0.0   0.0   0.0   0.0   0.0   9057.0   958.0   261.0
36   0.0   0.0   0.0   0.0   0.0   8413.0   1315.0   239.0
37   0.0   0.0   0.0   0.0   0.0   7524.0   1588.0   279.0
38   0.0   0.0   0.0   0.0   0.0   6522.0   2049.0   261.0
39   0.0   0.0   0.0   0.0   0.0   5921.0   2429.0   252.0
40   0.0   0.0   0.0   0.0   0.0   5151.0   2827.0   279.0
41   0.0   0.0   0.0   0.0   0.0   4275.0   3242.0   267.0
42   0.0   0.0   0.0   0.0   0.0   3358.0   3809.0   268.0
43   0.0   0.0   0.0   0.0   0.0   1939.0   4824.0   269.0
44   0.0   0.0   0.0   0.0   0.0   758.0   5594.0   302.0
45   0.0   0.0   0.0   0.0   0.0   126.0   5968.0   305.0
46   0.0   0.0   0.0   0.0   0.0   0.0   5663.0   315.0
47   0.0   0.0   0.0   0.0   0.0   0.0   5217.0   364.0
48   0.0   0.0   0.0   0.0   0.0   0.0   4934.0   368.0
49   0.0   0.0   0.0   0.0   0.0   0.0   4776.0   432.0
50   0.0   0.0   0.0   0.0   0.0   0.0   4446.0   514.0
51   0.0   0.0   0.0   0.0   0.0   0.0   4121.0   543.0
52   0.0   0.0   0.0   0.0   0.0   0.0   3693.0   596.0
53   0.0   0.0   0.0   0.0   0.0   0.0   3404.0   632.0
54   0.0   0.0   0.0   0.0   0.0   0.0   3121.0   707.0
55   0.0   0.0   0.0   0.0   0.0   0.0   2785.0   777.0
56   0.0   0.0   0.0   0.0   0.0   0.0   2612.0   883.0
57   0.0   0.0   0.0   0.0   0.0   0.0   2191.0   931.0
58   0.0   0.0   0.0   0.0   0.0   0.0   1861.0   1089.0
59   0.0   0.0   0.0   0.0   0.0   0.0   1564.0   1233.0
60   0.0   0.0   0.0   0.0   0.0   0.0   1048.0   1495.0
61   0.0   0.0   0.0   0.0   0.0   0.0   669.0   1765.0
62   0.0   0.0   0.0   0.0   0.0   0.0   382.0   1933.0
63   0.0   0.0   0.0   0.0   0.0   0.0   118.0   2131.0
64   0.0   0.0   0.0   0.0   0.0   0.0   8.0   2114.0
65   0.0   0.0   0.0   0.0   0.0   0.0   0.0   2033.0
66   0.0   0.0   0.0   0.0   0.0   0.0   0.0   1911.0
67   0.0   0.0   0.0   0.0   0.0   0.0   0.0   1876.0
68   0.0   0.0   0.0   0.0   0.0   0.0   0.0   1749.0
69   0.0   0.0   0.0   0.0   0.0   0.0   0.0   1716.0
70   0.0   0.0   0.0   0.0   0.0   0.0   0.0   1606.0
71   0.0   0.0   0.0   0.0   0.0   0.0   0.0   1582.0
72   0.0   0.0   0.0   0.0   0.0   0.0   0.0   1563.0
73   0.0   0.0   0.0   0.0   0.0   0.0   0.0   1476.0
74   0.0   0.0   0.0   0.0   0.0   0.0   0.0   1448.0
75   0.0   0.0   0.0   0.0   0.0   0.0   0.0   1405.0
76   0.0   0.0   0.0   0.0   0.0   0.0   0.0   1347.0
77   0.0   0.0   0.0   0.0   0.0   0.0   0.0   1217.0
78   0.0   0.0   0.0   0.0   0.0   0.0   0.0   1242.0
79   0.0   0.0   0.0   0.0   0.0   0.0   0.0   1222.0
80   0.0   0.0   0.0   0.0   0.0   0.0   0.0   1095.0
81   0.0   0.0   0.0   0.0   0.0   0.0   0.0   1024.0
82   0.0   0.0   0.0   0.0   0.0   0.0   0.0   1023.0
83   0.0   0.0   0.0   0.0   0.0   0.0   0.0   953.0
84   0.0   0.0   0.0   0.0   0.0   0.0   0.0   928.0
85   0.0   0.0   0.0   0.0   0.0   0.0   0.0   894.0
86   0.0   0.0   0.0   0.0   0.0   0.0   0.0   873.0
87   0.0   0.0   0.0   0.0   0.0   0.0   0.0   785.0
88   0.0   0.0   0.0   0.0   0.0   0.0   0.0   781.0
89   0.0   0.0   0.0   0.0   0.0   0.0   0.0   748.0
90   0.0   0.0   0.0   0.0   0.0   0.0   0.0   756.0
91   0.0   0.0   0.0   0.0   0.0   0.0   0.0   705.0
92   0.0   0.0   0.0   0.0   0.0   0.0   0.0   678.0
93   0.0   0.0   0.0   0.0   0.0   0.0   0.0   660.0
94   0.0   0.0   0.0   0.0   0.0   0.0   0.0   649.0
95   0.0   0.0   0.0   0.0   0.0   0.0   0.0   600.0
96   0.0   0.0   0.0   0.0   0.0   0.0   0.0   553.0
97   0.0   0.0   0.0   0.0   0.0   0.0   0.0   541.0
98   0.0   0.0   0.0   0.0   0.0   0.0   0.0   551.0
99   0.0   0.0   0.0   0.0   0.0   0.0   0.0   483.0
