#    Queue0    Queue1  Queue2  Queue3  Queue4  Queue5  Queue6  Queue7
0   42979.0   0.0   0.0   0.0   0.0   0.0   0.0   0.0
1   42214.0   0.0   0.0   0.0   0.0   0.0   0.0   0.0
2   40121.0   1899.0   0.0   0.0   0.0   0.0   0.0   0.0
3   1792.0   37857.0   916.0   0.0   0.0   0.0   0.0   0.0
4   0.0   37270.0   877.0   567.0   0.0   0.0   0.0   0.0
5   0.0   35389.0   854.0   590.0   311.0   0.0   0.0   0.0
6   0.0   10741.0   23361.0   553.0   309.0   149.0   0.0   0.0
7   0.0   30.0   31681.0   501.0   383.0   224.0   69.0   0.0
8   0.0   0.0   28758.0   597.0   469.0   158.0   116.0   16.0
9   0.0   0.0   26433.0   595.0   486.0   201.0   148.0   57.0
10   0.0   0.0   8315.0   16278.0   371.0   329.0   133.0   88.0
11   0.0   0.0   25.0   21692.0   352.0   299.0   119.0   87.0
12   0.0   0.0   0.0   19503.0   391.0   305.0   140.0   94.0
13   0.0   0.0   0.0   17236.0   364.0   321.0   146.0   89.0
14   0.0   0.0   0.0   14798.0   292.0   295.0   147.0   95.0
15   0.0   0.0   0.0   10728.0   2619.0   213.0   165.0   87.0
16   0.0   0.0   0.0   1834.0   9523.0   188.0   190.0   104.0
17   0.0   0.0   0.0   27.0   9549.0   199.0   152.0   81.0
18   0.0   0.0   0.0   0.0   8112.0   142.0   152.0   97.0
19   0.0   0.0   0.0   0.0   6887.0   109.0   108.0   85.0
20   0.0   0.0   0.0   0.0   5568.0   114.0   98.0   65.0
21   0.0   0.0   0.0   0.0   4754.0   81.0   76.0   72.0
22   0.0   0.0   0.0   0.0   3893.0   94.0   55.0   56.0
23   0.0   0.0   0.0   0.0   3109.0   50.0   52.0   50.0
24   0.0   0.0   0.0   0.0   2539.0   52.0   47.0   60.0
25   0.0   0.0   0.0   0.0   2048.0   37.0   51.0   39.0
26   0.0   0.0   0.0   0.0   1615.0   29.0   25.0   35.0
27   0.0   0.0   0.0   0.0   1194.0   26.0   14.0   17.0
28   0.0   0.0   0.0   0.0   1045.0   19.0   10.0   25.0
29   0.0   0.0   0.0   0.0   781.0   8.0   14.0   12.0
30   0.0   0.0   0.0   0.0   535.0   10.0   10.0   6.0
31   0.0   0.0   0.0   0.0   460.0   4.0   16.0   12.0
32   0.0   0.0   0.0   0.0   345.0   9.0   7.0   6.0
33   0.0   0.0   0.0   0.0   250.0   7.0   5.0   7.0
34   0.0   0.0   0.0   0.0   205.0   5.0   3.0   4.0
35   0.0   0.0   0.0   0.0   138.0   4.0   4.0   6.0
36   0.0   0.0   0.0   0.0   102.0   2.0   2.0   4.0
37   0.0   0.0   0.0   0.0   80.0   1.0   2.0   2.0
38   0.0   0.0   0.0   0.0   52.0   1.0   0.0   3.0
39   0.0   0.0   0.0   0.0   36.0   0.0   0.0   4.0
40   0.0   0.0   0.0   0.0   36.0   0.0   0.0   0.0
41   0.0   0.0   0.0   0.0   18.0   0.0   0.0   1.0
42   0.0   0.0   0.0   0.0   6.0   0.0   0.0   0.0
43   0.0   0.0   0.0   0.0   10.0   0.0   0.0   0.0
44   0.0   0.0   0.0   0.0   9.0   1.0   0.0   0.0
45   0.0   0.0   0.0   0.0   6.0   0.0   0.0   0.0
46   0.0   0.0   0.0   0.0   4.0   0.0   0.0   0.0
47   0.0   0.0   0.0   0.0   1.0   0.0   0.0   0.0
48   0.0   0.0   0.0   0.0   2.0   0.0   0.0   0.0
49   0.0   0.0   0.0   0.0   1.0   0.0   0.0   0.0
50   0.0   0.0   0.0   0.0   3.0   0.0   0.0   1.0
51   0.0   0.0   0.0   0.0   0.0   0.0   0.0   0.0
52   0.0   0.0   0.0   0.0   0.0   0.0   0.0   0.0
53   0.0   0.0   0.0   0.0   0.0   0.0   0.0   0.0
54   0.0   0.0   0.0   0.0   0.0   0.0   0.0   0.0
55   0.0   0.0   0.0   0.0   1.0   0.0   0.0   0.0
56   0.0   0.0   0.0   0.0   1.0   0.0   0.0   0.0
57   0.0   0.0   0.0   0.0   2.0   0.0   0.0   0.0
58   0.0   0.0   0.0   0.0   0.0   0.0   0.0   0.0
59   0.0   0.0   0.0   0.0   2.0   0.0   1.0   0.0
60   0.0   0.0   0.0   0.0   3.0   0.0   0.0   0.0
61   0.0   0.0   0.0   0.0   5.0   1.0   0.0   0.0
62   0.0   0.0   0.0   0.0   14.0   0.0   0.0   1.0
63   0.0   0.0   0.0   0.0   17.0   4.0   0.0   1.0
64   0.0   0.0   0.0   0.0   29.0   8.0   1.0   1.0
65   0.0   0.0   0.0   0.0   31.0   18.0   1.0   1.0
66   0.0   0.0   0.0   0.0   39.0   40.0   1.0   2.0
67   0.0   0.0   0.0   0.0   28.0   79.0   2.0   2.0
68   0.0   0.0   0.0   0.0   34.0   127.0   2.0   0.0
69   0.0   0.0   0.0   0.0   22.0   202.0   5.0   6.0
70   0.0   0.0   0.0   0.0   18.0   315.0   6.0   12.0
71   0.0   0.0   0.0   0.0   14.0   418.0   9.0   14.0
72   0.0   0.0   0.0   0.0   6.0   628.0   12.0   12.0
73   0.0   0.0   0.0   0.0   8.0   847.0   14.0   20.0
74   0.0   0.0   0.0   0.0   1.0   1110.0   25.0   34.0
75   0.0   0.0   0.0   0.0   0.0   1558.0   20.0   42.0
76   0.0   0.0   0.0   0.0   0.0   2046.0   39.0   49.0
77   0.0   0.0   0.0   0.0   0.0   2680.0   65.0   69.0
78   0.0   0.0   0.0   0.0   0.0   3389.0   64.0   113.0
79   0.0   0.0   0.0   0.0   0.0   4312.0   79.0   146.0
80   0.0   0.0   0.0   0.0   0.0   5449.0   116.0   179.0
81   0.0   0.0   0.0   0.0   0.0   6596.0   140.0   226.0
82   0.0   0.0   0.0   0.0   0.0   8012.0   149.0   262.0
83   0.0   0.0   0.0   0.0   0.0   9747.0   211.0   354.0
84   0.0   0.0   0.0   0.0   0.0   11317.0   261.0   428.0
85   0.0   0.0   0.0   0.0   0.0   13459.0   284.0   516.0
86   0.0   0.0   0.0   0.0   0.0   15727.0   331.0   605.0
87   0.0   0.0   0.0   0.0   0.0   15933.0   2230.0   747.0
88   0.0   0.0   0.0   0.0   0.0   11890.0   8731.0   795.0
89   0.0   0.0   0.0   0.0   0.0   158.0   22904.0   941.0
90   0.0   0.0   0.0   0.0   0.0   0.0   25686.0   1082.0
91   0.0   0.0   0.0   0.0   0.0   0.0   28056.0   1223.0
92   0.0   0.0   0.0   0.0   0.0   0.0   29336.0   1790.0
93   0.0   0.0   0.0   0.0   0.0   0.0   27956.0   3626.0
94   0.0   0.0   0.0   0.0   0.0   0.0   20556.0   9957.0
95   0.0   0.0   0.0   0.0   0.0   0.0   79.0   29877.0
96   0.0   0.0   0.0   0.0   0.0   0.0   0.0   31325.0
97   0.0   0.0   0.0   0.0   0.0   0.0   0.0   32353.0
98   0.0   0.0   0.0   0.0   0.0   0.0   0.0   33138.0
99   0.0   0.0   0.0   0.0   0.0   0.0   0.0   33104.0
