#    Queue0    Queue1  Queue2  Queue3  Queue4  Queue5  Queue6  Queue7
0   0.0   0.0   0.0   0.0   0.0   0.0   0.0   0.0
1   771.0   0.0   0.0   0.0   0.0   0.0   0.0   0.0
2   830.0   15.0   0.0   0.0   0.0   0.0   0.0   0.0
3   881.0   0.0   15.0   0.0   0.0   0.0   0.0   0.0
4   878.0   8.0   0.0   6.0   0.0   0.0   0.0   0.0
5   898.0   13.0   2.0   7.0   5.0   0.0   0.0   0.0
6   952.0   17.0   5.0   8.0   4.0   5.0   0.0   0.0
7   957.0   25.0   8.0   1.0   11.0   2.0   1.0   0.0
8   1064.0   19.0   4.0   7.0   4.0   3.0   1.0   1.0
9   1112.0   19.0   14.0   6.0   10.0   3.0   3.0   0.0
10   1066.0   20.0   8.0   4.0   13.0   5.0   1.0   1.0
11   1230.0   22.0   11.0   3.0   3.0   8.0   2.0   0.0
12   1239.0   16.0   12.0   2.0   4.0   9.0   1.0   1.0
13   1204.0   32.0   9.0   11.0   2.0   13.0   6.0   0.0
14   1285.0   12.0   24.0   12.0   11.0   3.0   15.0   5.0
15   1241.0   10.0   25.0   12.0   10.0   14.0   6.0   7.0
16   1403.0   23.0   19.0   11.0   6.0   15.0   7.0   6.0
17   1435.0   37.0   16.0   7.0   16.0   13.0   3.0   11.0
18   1492.0   24.0   15.0   15.0   12.0   12.0   8.0   10.0
19   1558.0   40.0   25.0   14.0   9.0   9.0   4.0   14.0
20   1614.0   45.0   12.0   19.0   9.0   13.0   12.0   11.0
21   1740.0   55.0   11.0   14.0   3.0   11.0   15.0   12.0
22   1719.0   40.0   10.0   20.0   7.0   10.0   15.0   16.0
23   1872.0   45.0   14.0   31.0   14.0   14.0   9.0   21.0
24   1867.0   44.0   17.0   31.0   21.0   14.0   17.0   21.0
25   2008.0   48.0   19.0   23.0   13.0   18.0   21.0   21.0
26   2031.0   43.0   20.0   28.0   19.0   14.0   15.0   25.0
27   2080.0   43.0   36.0   18.0   17.0   6.0   20.0   26.0
28   2221.0   58.0   36.0   20.0   21.0   16.0   21.0   40.0
29   2372.0   52.0   22.0   30.0   25.0   18.0   18.0   39.0
30   2327.0   39.0   35.0   23.0   30.0   21.0   28.0   41.0
31   2454.0   63.0   34.0   29.0   38.0   16.0   22.0   43.0
32   2624.0   73.0   37.0   21.0   38.0   35.0   24.0   43.0
33   2730.0   64.0   47.0   20.0   31.0   19.0   14.0   55.0
34   2650.0   74.0   46.0   29.0   25.0   33.0   20.0   73.0
35   2768.0   126.0   38.0   24.0   36.0   25.0   28.0   81.0
36   2801.0   312.0   41.0   29.0   36.0   35.0   17.0   68.0
37   2075.0   1048.0   55.0   27.0   30.0   46.0   17.0   77.0
38   1144.0   2242.0   50.0   49.0   25.0   38.0   32.0   86.0
39   260.0   3205.0   62.0   33.0   38.0   41.0   33.0   89.0
40   28.0   3568.0   46.0   37.0   41.0   35.0   26.0   103.0
41   0.0   3737.0   62.0   32.0   42.0   41.0   36.0   117.0
42   0.0   3804.0   66.0   33.0   32.0   38.0   45.0   112.0
43   0.0   4018.0   70.0   47.0   39.0   37.0   31.0   120.0
44   0.0   4202.0   67.0   43.0   49.0   34.0   53.0   111.0
45   0.0   4303.0   66.0   60.0   54.0   49.0   46.0   132.0
46   0.0   4520.0   68.0   53.0   42.0   61.0   49.0   155.0
47   0.0   4676.0   76.0   56.0   36.0   46.0   54.0   166.0
48   0.0   4884.0   81.0   51.0   49.0   54.0   51.0   164.0
49   0.0   4963.0   84.0   65.0   47.0   53.0   59.0   188.0
50   0.0   5309.0   84.0   69.0   59.0   60.0   60.0   230.0
51   0.0   5536.0   118.0   65.0   68.0   69.0   60.0   221.0
52   0.0   5759.0   148.0   73.0   65.0   37.0   64.0   244.0
53   0.0   5885.0   185.0   73.0   63.0   62.0   60.0   259.0
54   0.0   5699.0   604.0   100.0   68.0   73.0   57.0   270.0
55   0.0   4321.0   2137.0   89.0   65.0   60.0   79.0   268.0
56   0.0   2349.0   4370.0   102.0   75.0   64.0   78.0   296.0
57   0.0   387.0   6568.0   109.0   66.0   82.0   70.0   321.0
58   0.0   2.0   7190.0   114.0   69.0   82.0   94.0   381.0
59   0.0   0.0   7539.0   118.0   84.0   68.0   88.0   349.0
60   0.0   0.0   7916.0   107.0   83.0   86.0   87.0   411.0
61   0.0   0.0   8145.0   131.0   84.0   85.0   94.0   406.0
62   0.0   0.0   8529.0   148.0   117.0   90.0   102.0   418.0
63   0.0   0.0   8877.0   143.0   95.0   74.0   105.0   437.0
64   0.0   0.0   9054.0   188.0   85.0   79.0   112.0   464.0
65   0.0   0.0   9570.0   234.0   126.0   92.0   103.0   500.0
66   0.0   0.0   9341.0   945.0   126.0   103.0   99.0   500.0
67   0.0   0.0   7377.0   3254.0   123.0   104.0   105.0   573.0
68   0.0   0.0   4000.0   6828.0   162.0   104.0   125.0   593.0
69   0.0   0.0   464.0   10889.0   156.0   113.0   126.0   626.0
70   0.0   0.0   0.0   11616.0   185.0   124.0   106.0   709.0
71   0.0   0.0   0.0   12114.0   196.0   117.0   132.0   715.0
72   0.0   0.0   0.0   12480.0   232.0   143.0   138.0   772.0
73   0.0   0.0   0.0   12967.0   313.0   140.0   127.0   844.0
74   0.0   0.0   0.0   13721.0   310.0   165.0   137.0   854.0
75   0.0   0.0   0.0   13300.0   1156.0   165.0   139.0   927.0
76   0.0   0.0   0.0   10976.0   4093.0   174.0   170.0   948.0
77   0.0   0.0   0.0   5957.0   9575.0   197.0   163.0   1055.0
78   0.0   0.0   0.0   663.0   15372.0   209.0   170.0   1082.0
79   0.0   0.0   0.0   0.0   16692.0   247.0   168.0   1134.0
80   0.0   0.0   0.0   0.0   17654.0   286.0   169.0   1172.0
81   0.0   0.0   0.0   0.0   18376.0   342.0   188.0   1269.0
82   0.0   0.0   0.0   0.0   18315.0   1201.0   181.0   1374.0
83   0.0   0.0   0.0   0.0   15975.0   4061.0   203.0   1453.0
84   0.0   0.0   0.0   0.0   10108.0   10681.0   213.0   1492.0
85   0.0   0.0   0.0   0.0   1763.0   19573.0   251.0   1586.0
86   0.0   0.0   0.0   0.0   0.0   22363.0   309.0   1595.0
87   0.0   0.0   0.0   0.0   0.0   23275.0   330.0   1723.0
88   0.0   0.0   0.0   0.0   0.0   23010.0   1504.0   1908.0
89   0.0   0.0   0.0   0.0   0.0   20617.0   5016.0   1873.0
90   0.0   0.0   0.0   0.0   0.0   13426.0   12817.0   2046.0
91   0.0   0.0   0.0   0.0   0.0   2588.0   24681.0   2116.0
92   0.0   0.0   0.0   0.0   0.0   0.0   27970.0   2329.0
93   0.0   0.0   0.0   0.0   0.0   0.0   28734.0   2682.0
94   0.0   0.0   0.0   0.0   0.0   0.0   25940.0   4745.0
95   0.0   0.0   0.0   0.0   0.0   0.0   20401.0   8865.0
96   0.0   0.0   0.0   0.0   0.0   0.0   3710.0   24292.0
97   0.0   0.0   0.0   0.0   0.0   0.0   0.0   29079.0
98   0.0   0.0   0.0   0.0   0.0   0.0   0.0   30208.0
99   0.0   0.0   0.0   0.0   0.0   0.0   0.0   63779.0
