#    Queue0    Queue1  Queue2  Queue3  Queue4  Queue5  Queue6  Queue7
0   10771.0   0.0   0.0   0.0   0.0   0.0   0.0   0.0
1   10543.0   0.0   0.0   0.0   0.0   0.0   0.0   0.0
2   10696.0   260.0   0.0   0.0   0.0   0.0   0.0   0.0
3   10300.0   184.0   130.0   0.0   0.0   0.0   0.0   0.0
4   10454.0   186.0   127.0   93.0   0.0   0.0   0.0   0.0
5   10265.0   218.0   96.0   73.0   95.0   0.0   0.0   0.0
6   10200.0   255.0   132.0   72.0   54.0   36.0   0.0   0.0
7   10144.0   320.0   115.0   86.0   76.0   58.0   29.0   0.0
8   10046.0   341.0   159.0   65.0   88.0   60.0   34.0   15.0
9   9894.0   348.0   145.0   101.0   64.0   53.0   44.0   14.0
10   9886.0   411.0   136.0   111.0   56.0   75.0   38.0   34.0
11   8482.0   1810.0   155.0   124.0   56.0   78.0   38.0   36.0
12   3219.0   7189.0   184.0   114.0   65.0   77.0   57.0   58.0
13   139.0   9775.0   191.0   112.0   87.0   65.0   60.0   59.0
14   0.0   9933.0   205.0   84.0   112.0   65.0   88.0   64.0
15   0.0   10009.0   211.0   113.0   114.0   61.0   72.0   75.0
16   0.0   10130.0   226.0   114.0   118.0   44.0   89.0   80.0
17   0.0   10196.0   235.0   155.0   99.0   70.0   74.0   94.0
18   0.0   10023.0   263.0   125.0   97.0   89.0   74.0   121.0
19   0.0   9998.0   238.0   163.0   71.0   101.0   86.0   124.0
20   0.0   10092.0   254.0   154.0   81.0   102.0   65.0   112.0
21   0.0   9818.0   256.0   156.0   105.0   105.0   68.0   143.0
22   0.0   9644.0   532.0   159.0   124.0   111.0   101.0   173.0
23   0.0   7892.0   2144.0   195.0   104.0   76.0   78.0   155.0
24   0.0   4647.0   5401.0   201.0   146.0   78.0   85.0   161.0
25   0.0   1026.0   8942.0   218.0   147.0   70.0   98.0   206.0
26   0.0   21.0   10093.0   197.0   128.0   94.0   93.0   186.0
27   0.0   0.0   9995.0   186.0   135.0   124.0   92.0   228.0
28   0.0   0.0   10024.0   208.0   148.0   104.0   88.0   208.0
29   0.0   0.0   9838.0   206.0   126.0   123.0   87.0   216.0
30   0.0   0.0   10010.0   197.0   152.0   113.0   81.0   249.0
31   0.0   0.0   10019.0   203.0   152.0   121.0   92.0   232.0
32   0.0   0.0   10055.0   216.0   139.0   138.0   107.0   248.0
33   0.0   0.0   9911.0   250.0   171.0   122.0   111.0   263.0
34   0.0   0.0   9129.0   707.0   153.0   141.0   96.0   246.0
35   0.0   0.0   7452.0   2575.0   157.0   132.0   105.0   252.0
36   0.0   0.0   5297.0   4690.0   166.0   129.0   139.0   295.0
37   0.0   0.0   2152.0   7916.0   137.0   119.0   116.0   305.0
38   0.0   0.0   261.0   9796.0   181.0   149.0   134.0   299.0
39   0.0   0.0   0.0   9998.0   169.0   138.0   123.0   360.0
40   0.0   0.0   0.0   9921.0   157.0   150.0   95.0   317.0
41   0.0   0.0   0.0   10022.0   166.0   127.0   116.0   328.0
42   0.0   0.0   0.0   10019.0   189.0   126.0   139.0   341.0
43   0.0   0.0   0.0   9994.0   184.0   144.0   133.0   394.0
44   0.0   0.0   0.0   9826.0   192.0   142.0   160.0   381.0
45   0.0   0.0   0.0   9774.0   301.0   146.0   137.0   385.0
46   0.0   0.0   0.0   8990.0   1136.0   152.0   140.0   363.0
47   0.0   0.0   0.0   7122.0   2824.0   177.0   166.0   408.0
48   0.0   0.0   0.0   5692.0   4458.0   154.0   146.0   407.0
49   0.0   0.0   0.0   3145.0   6815.0   158.0   134.0   403.0
50   0.0   0.0   0.0   724.0   9387.0   164.0   109.0   441.0
51   0.0   0.0   0.0   46.0   9889.0   136.0   162.0   436.0
52   0.0   0.0   0.0   0.0   9980.0   152.0   129.0   442.0
53   0.0   0.0   0.0   0.0   10079.0   150.0   159.0   460.0
54   0.0   0.0   0.0   0.0   9995.0   157.0   154.0   498.0
55   0.0   0.0   0.0   0.0   9894.0   184.0   139.0   468.0
56   0.0   0.0   0.0   0.0   9765.0   223.0   170.0   491.0
57   0.0   0.0   0.0   0.0   9341.0   635.0   133.0   515.0
58   0.0   0.0   0.0   0.0   8159.0   1766.0   157.0   479.0
59   0.0   0.0   0.0   0.0   7183.0   2948.0   155.0   505.0
60   0.0   0.0   0.0   0.0   6032.0   4058.0   162.0   525.0
61   0.0   0.0   0.0   0.0   4103.0   5941.0   148.0   533.0
62   0.0   0.0   0.0   0.0   1463.0   8580.0   157.0   544.0
63   0.0   0.0   0.0   0.0   259.0   9829.0   154.0   547.0
64   0.0   0.0   0.0   0.0   0.0   10037.0   149.0   533.0
65   0.0   0.0   0.0   0.0   0.0   10015.0   161.0   577.0
66   0.0   0.0   0.0   0.0   0.0   10065.0   176.0   599.0
67   0.0   0.0   0.0   0.0   0.0   10066.0   239.0   617.0
68   0.0   0.0   0.0   0.0   0.0   9461.0   554.0   661.0
69   0.0   0.0   0.0   0.0   0.0   8754.0   1171.0   580.0
70   0.0   0.0   0.0   0.0   0.0   7689.0   1987.0   608.0
71   0.0   0.0   0.0   0.0   0.0   7141.0   2611.0   629.0
72   0.0   0.0   0.0   0.0   0.0   6173.0   3691.0   616.0
73   0.0   0.0   0.0   0.0   0.0   4862.0   5136.0   649.0
74   0.0   0.0   0.0   0.0   0.0   2427.0   7387.0   714.0
75   0.0   0.0   0.0   0.0   0.0   600.0   9190.0   663.0
76   0.0   0.0   0.0   0.0   0.0   26.0   9687.0   666.0
77   0.0   0.0   0.0   0.0   0.0   0.0   9802.0   651.0
78   0.0   0.0   0.0   0.0   0.0   0.0   9568.0   719.0
79   0.0   0.0   0.0   0.0   0.0   0.0   9348.0   795.0
80   0.0   0.0   0.0   0.0   0.0   0.0   9087.0   980.0
81   0.0   0.0   0.0   0.0   0.0   0.0   8431.0   1243.0
82   0.0   0.0   0.0   0.0   0.0   0.0   7810.0   1350.0
83   0.0   0.0   0.0   0.0   0.0   0.0   7276.0   1707.0
84   0.0   0.0   0.0   0.0   0.0   0.0   6641.0   2210.0
85   0.0   0.0   0.0   0.0   0.0   0.0   5305.0   3002.0
86   0.0   0.0   0.0   0.0   0.0   0.0   3573.0   4380.0
87   0.0   0.0   0.0   0.0   0.0   0.0   1298.0   6671.0
88   0.0   0.0   0.0   0.0   0.0   0.0   27.0   7716.0
89   0.0   0.0   0.0   0.0   0.0   0.0   0.0   7790.0
90   0.0   0.0   0.0   0.0   0.0   0.0   0.0   7809.0
91   0.0   0.0   0.0   0.0   0.0   0.0   0.0   8037.0
92   0.0   0.0   0.0   0.0   0.0   0.0   0.0   7826.0
93   0.0   0.0   0.0   0.0   0.0   0.0   0.0   7819.0
94   0.0   0.0   0.0   0.0   0.0   0.0   0.0   7764.0
95   0.0   0.0   0.0   0.0   0.0   0.0   0.0   7761.0
96   0.0   0.0   0.0   0.0   0.0   0.0   0.0   7831.0
97   0.0   0.0   0.0   0.0   0.0   0.0   0.0   7799.0
98   0.0   0.0   0.0   0.0   0.0   0.0   0.0   7738.0
99   0.0   0.0   0.0   0.0   0.0   0.0   0.0   7986.0
